0 0 0 0 55 55
0 1 165 0 55 109
0 2 384 0 55 110
0 3 603 0 55 110
0 4 55 55 110 110
0 5 274 55 110 110
0 6 494 55 110 109
0 7 713 55 110 55
0 8 0 165 109 55
0 9 165 165 109 109
0 10 384 165 109 110
0 11 603 165 109 110
0 12 55 274 110 110
0 13 274 274 110 110
0 14 494 274 110 109
0 15 713 274 110 55
0 16 0 384 110 55
0 17 165 384 110 109
0 18 384 384 110 110
0 19 603 384 110 110
0 20 55 494 109 110
0 21 274 494 109 110
0 22 494 494 109 109
0 23 713 494 109 55
0 24 0 603 110 55
0 25 165 603 110 109
0 26 384 603 110 110
0 27 603 603 110 110
0 28 55 713 55 110
0 29 274 713 55 110
0 30 494 713 55 109
0 31 713 713 55 55
1 0 0 0 55 55
1 1 165 0 55 109
1 2 384 0 55 110
1 3 603 0 55 110
1 4 55 55 110 110
1 5 274 55 110 110
1 6 494 55 110 109
1 7 713 55 110 55
1 8 0 165 109 55
1 9 165 165 109 109
1 10 384 165 109 110
1 11 603 165 109 110
1 12 55 274 110 110
1 13 274 274 110 110
1 14 494 274 110 109
1 15 713 274 110 55
1 16 0 384 110 55
1 17 165 384 110 109
1 18 384 384 110 110
1 19 603 384 110 110
1 20 55 494 109 110
1 21 274 494 109 110
1 22 494 494 109 109
1 23 713 494 109 55
1 24 0 603 110 55
1 25 165 603 110 109
1 26 384 603 110 110
1 27 603 603 110 110
1 28 55 713 55 110
1 29 274 713 55 110
1 30 494 713 55 109
1 31 713 713 55 55
