0 0 0 0 34 34
0 1 103 0 34 68
0 2 240 0 34 69
0 3 377 0 34 69
0 4 34 34 69 69
0 5 171 34 69 69
0 6 309 34 69 68
0 7 446 34 69 34
0 8 0 103 68 34
0 9 103 103 68 68
0 10 240 103 68 69
0 11 377 103 68 69
0 12 34 171 69 69
0 13 171 171 69 69
0 14 309 171 69 68
0 15 446 171 69 34
0 16 0 240 69 34
0 17 103 240 69 68
0 18 240 240 69 69
0 19 377 240 69 69
0 20 34 309 68 69
0 21 171 309 68 69
0 22 309 309 68 68
0 23 446 309 68 34
0 24 0 377 69 34
0 25 103 377 69 68
0 26 240 377 69 69
0 27 377 377 69 69
0 28 34 446 34 69
0 29 171 446 34 69
0 30 309 446 34 68
0 31 446 446 34 34
1 0 0 0 34 34
1 1 103 0 34 68
1 2 240 0 34 69
1 3 377 0 34 69
1 4 34 34 69 69
1 5 171 34 69 69
1 6 309 34 69 68
1 7 446 34 69 34
1 8 0 103 68 34
1 9 103 103 68 68
1 10 240 103 68 69
1 11 377 103 68 69
1 12 34 171 69 69
1 13 171 171 69 69
1 14 309 171 69 68
1 15 446 171 69 34
1 16 0 240 69 34
1 17 103 240 69 68
1 18 240 240 69 69
1 19 377 240 69 69
1 20 34 309 68 69
1 21 171 309 68 69
1 22 309 309 68 68
1 23 446 309 68 34
1 24 0 377 69 34
1 25 103 377 69 68
1 26 240 377 69 69
1 27 377 377 69 69
1 28 34 446 34 69
1 29 171 446 34 69
1 30 309 446 34 68
1 31 446 446 34 34
